sorting: KO 
645 620 221 123 550 199 236 160 842 449 433 924 330 785 430 678 472 568 126 355 10 94 532 547 886 649 254 714 766 231 19 709 453 771 569 727 819 418 734 219 516 244 717 220 101 474 342 697 621 297 93 623 379 740 699 375 738 102 37 724 567 291 361 104 947 494 272 176 542 880 227 870 527 608 696 656 744 147 813 128 436 131 491 519 478 233 424 997 978 922 266 504 849 644 588 735 626 775 802 881 454 298 840 631 905 579 206 497 73 807 914 121 364 335 869 111 495 943 308 959 289 423 983 501 134 479 698 664 718 556 

sorting: KO 
416 336 839 938 221 706 702 537 625 452 173 953 271 20 711 849 179 133 367 478 326 539 955 161 591 412 991 832 943 30 510 427 928 280 785 386 673 54 740 175 844 698 709 19 100 803 718 664 791 829 876 239 232 45 598 593 840 208 523 42 362 312 511 123 675 565 666 548 787 723 972 207 356 357 854 136 628 170 110 140 242 871 742 172 970 492 230 17 805 295 432 789 455 577 264 424 446 409 869 306 944 454 890 540 124 870 615 371 579 967 777 587 974 355 836 590 235 277 337 105 261 823 739 240 552 657 986 649 687 495 

sorting: KO 
941 777 457 773 690 89 396 541 18 458 720 875 59 98 799 897 656 431 670 964 709 792 655 342 490 169 685 658 357 335 614 942 484 695 921 507 108 603 284 511 158 833 565 723 572 595 28 252 444 977 487 627 832 539 213 506 866 282 179 496 905 829 915 965 934 243 441 491 159 646 134 948 518 634 206 278 637 959 447 382 462 644 401 280 469 618 242 318 407 323 101 302 86 842 847 16 770 375 639 253 334 925 157 584 661 706 398 156 163 774 192 928 710 495 153 546 502 327 150 498 380 892 305 194 349 397 370 975 216 341 

sorting: KO 
755 543 463 391 230 610 46 164 564 505 453 69 536 730 222 684 885 764 711 243 921 486 28 784 265 430 902 959 616 590 634 689 992 739 216 224 937 966 767 500 507 127 485 591 188 51 952 786 490 700 538 395 703 569 347 856 980 909 373 709 178 919 749 328 382 342 157 633 832 379 833 128 444 667 537 662 845 410 741 102 195 556 100 592 874 155 124 664 580 290 727 799 898 229 830 939 566 165 269 452 757 76 264 586 905 112 393 526 212 701 816 336 396 510 962 731 601 131 365 13 848 492 413 811 722 144 360 821 468 883 

sorting: KO 
884 309 373 565 363 325 113 870 307 99 116 362 470 210 356 806 49 952 96 849 921 41 622 630 71 129 678 267 103 909 346 742 561 542 233 239 614 399 863 698 434 962 706 426 648 874 590 787 808 353 845 750 709 196 915 714 435 112 721 300 499 562 894 523 668 780 437 223 120 275 857 996 954 191 491 200 358 558 512 575 123 212 726 156 844 871 667 209 771 729 147 489 164 876 547 524 553 697 963 609 375 965 226 892 730 665 404 505 391 251 263 412 846 620 886 284 422 234 313 184 862 354 344 638 475 11 848 173 220 372 

sorting: KO 
750 416 357 45 828 892 620 178 495 433 723 529 761 536 271 432 12 815 721 201 405 332 856 740 312 402 127 808 556 891 361 4 987 156 590 675 372 487 835 520 281 67 731 305 360 443 549 519 757 333 368 528 382 968 722 496 961 311 854 611 504 419 775 149 195 934 123 391 331 693 540 26 182 638 631 114 362 306 973 338 633 949 356 230 97 242 532 429 772 847 510 359 522 264 749 875 852 100 584 831 497 477 310 415 231 911 435 884 498 44 777 798 355 626 794 691 976 506 648 906 538 41 396 591 259 555 109 901 885 942 

sorting: KO 
150 478 698 251 32 353 559 190 164 335 363 955 601 374 263 913 61 640 169 249 345 47 905 577 328 764 632 569 465 843 599 767 855 152 499 869 841 82 297 195 442 662 903 799 389 715 826 25 685 997 537 940 248 300 318 925 733 680 661 384 398 740 352 535 677 271 726 773 157 849 455 517 202 296 713 115 613 188 144 975 306 87 548 956 424 521 985 108 199 153 770 674 177 811 951 873 676 771 651 337 593 135 171 511 707 814 543 641 513 769 910 409 182 367 380 845 612 993 332 968 183 830 735 54 410 336 216 867 896 103 

sorting: KO 
973 500 303 540 163 631 633 169 690 106 903 246 618 214 671 427 323 476 547 252 848 160 419 654 756 764 937 997 551 991 754 271 585 378 634 120 519 349 871 306 375 873 176 59 165 713 880 186 785 360 735 26 307 501 115 16 135 993 348 496 802 703 281 492 268 607 542 516 888 548 898 159 638 278 651 719 480 275 608 699 574 641 368 175 177 604 852 473 123 463 521 460 293 459 565 216 400 362 409 968 874 869 885 850 835 933 920 206 316 439 688 356 341 543 83 698 503 190 675 416 948 558 130 288 104 947 466 676 934 318 

sorting: KO 
257 232 466 879 111 727 955 365 624 90 986 552 461 62 956 994 141 178 538 219 881 425 243 93 252 204 858 283 534 406 543 893 807 691 135 245 857 153 452 527 905 202 360 991 924 218 649 735 264 647 118 769 87 724 781 194 455 504 250 626 945 348 616 369 190 505 615 242 271 385 88 766 128 580 963 400 682 993 362 355 650 212 291 140 169 572 273 838 403 579 129 703 814 867 917 109 353 636 254 634 759 518 729 439 662 977 671 775 604 428 168 201 544 387 983 133 103 145 773 764 587 344 984 256 847 197 710 216 982 492 

